METRICA ΕΤ PROSODIACA 343

mihi 3333533, 311 533533 53 33333. epist.

¹nihil et nil 3333533 53 33351133 3333535533· nil 333533
praevaletis serm. epist, metro 3313 5533553533 3535 serm. 2, 6, 57
335351, 15, 16. 2, 1, 49. 2, 2, 16 151 333122, 11111113 5336133 50,
3113 metro 3335333 serm. 1, 5, 67 5

nisiet ni 3333533, ni 55353 carm. 4, 6, 21 3336 1, 8.

cf. 5315333353, fortassis serm 1,4, 131. 2, 4, 76.

TMESIS

53 fiee versuum (63 systematum 3335335533 sapphicum 3. 338).·
31163- octoginta 33333 2, 3, 117, 13531- 335 33333. 1, 2, 62, 13
31133111 - ..13353111 6, 58, 31133111- spectemus epist 2,
2, 93111531- noscere 3333 423

53 33333333
3333333 5335333333· 1,16,21 3133131533,1,18,16331]133111131,
1, 37,5631313111313, 2, 12, 25 (1335313 335 15
iamborum epod. 1,19111[31311111133, 11,15 1113335,335 16, 8
33133133533
533333633331 epist. 2, 3, 8713 noro 26313 1331131353 3-53333
333 3333135333 3333 33335553 posit 333 35 5133533 353335 33 331333,
perro 2, 3, 134 363133, 2, 3, 181 1315335331113 ’ 13
3333335331 33333. 1, 1, 86 argento post omnia 331133. 1, 6,
58 circum me Satureiano vectori 1313 caballo. 2, 6, 95 333
1133331133. 33313.1,6,3333111131113331333. 7, 25 333 1133 ;
eumque. 9,14 333111 fors dierum eumque 1131115. 27, 14 3333 53
eumque. serm. 1, 9, 33 quando consumet eumque. 2, 5, 51 13
331 testamentum tradet tibi eumque. epist. 1, 1, 15 quomo
33111333. ef. uni l 331333 33333. 1, 9, 51

3111131313 111 3331111 1111 1131131111 ’

33335333333353.Ι (53511133331,18,2 Italia 35 33333
semper (335333533),· 153133 33 5335353(53331153)33333 2, 13, 18. 3, 36, oo

13. 4, 4, 42. 4, 15, 13, 153133 33 51333133 313 3333 11, 32. 2, 6, 56.

33535. 5,1 18, 37. 2, 1, 2, 333335Ι 33 533533 (dactylico) 15313 earm. 2,

7, 4 11333113 3336316 serm 1, 5, 77 semper Appulus (3353333)
Porsenae epod. 16, 4 (57333 1433. 8, 646 Ρ31353113) Pr6serpinee
333332, 13, 21 333333 epod. 17, 2),35Ρ1333131113 333131, 28, 33
20 33333. 2, 5, 116 8111511133 epod 16, 59 epist. 1, 1323313111
3533333333 31131131 3553316331311163.Τ1113313333ἰν131,25,
11 4, 12, 2, ’1213313133 33333 1,24,13. 1, 36, 1433336133

15351 5133111 earm. 1, 26, 7, 35 Vaticanus 1135133336. &riou

3336 15,71, reete 01133 3353335113 33
3663· polypos epod. 12, 5. serm. 1, 3, 46

 

